0.0000 0.0985
4.1631 17.6643
36.4602 9.1331
9.2298 48.7217
52.6750 45.4433
23.3178 83.1292
93.1731 56.8060
55.6094 5.0832
76.7051 1.8915
25.2360 29.8197
87.5981 53.1557
92.0261 51.5431
81.0429 18.8420
88.6314 57.0614
7.6775 81.5274
98.4891 11.8352
89.3906 78.4484
10.0916 25.3311
1.9842 37.8377
67.8877 68.0923
75.2707 0.6229
62.4407 12.6462
61.7550 77.0928
18.6536 49.6722
50.9500 31.5939
70.1703 36.7247
87.6312 37.0995
52.5252 42.7835
54.2743 66.7979
17.1142 83.0779
86.1905 76.9221
5.2579 96.6730
33.4284 8.2097
27.0315 7.4262
67.6226 81.0159
46.4211 56.9185
51.2203 58.6510
73.8759 87.1689
57.7967 96.4704
33.3529 39.2828
17.6928 11.1869
85.2681 81.1172
95.4887 90.4283
13.8915 68.6187
12.6987 0.4090
0.0503 19.2952
58.6780 37.4959
2.6786 46.4765
78.5343 44.2235
28.7904 85.3353
