0.00098539 0.00000000
0.17664264 0.04163100
0.09133061 0.36460225
0.48721722 0.09229765
0.45443342 0.52675028
0.83129179 0.23317843
0.56805961 0.93173148
0.05083191 0.55609433
0.01891480 0.76705116
0.29819717 0.25235976
0.53155686 0.87598087
0.51543115 0.92026094
0.18842025 0.81042945
0.57061402 0.88631444
0.81527388 0.07677456
0.11835171 0.98489102
0.78448364 0.89390590
0.25331063 0.10091627
0.37837747 0.01984166
0.68092304 0.67887741
0.00622945 0.75270666
0.12646243 0.62440672
0.77092826 0.61754980
0.49672170 0.18653582
0.31593900 0.50950039
0.36724663 0.70170256
0.37099466 0.87631236
0.42783456 0.52525240
0.66797859 0.54274318
0.83077914 0.17114183
0.76922114 0.86190540
0.96672964 0.05257946
0.08209654 0.33428391
0.07426237 0.27031463
0.81015855 0.67622576
0.56918505 0.46421123
0.58651033 0.51220302
0.87168881 0.73875854
0.96470359 0.57796732
0.39282797 0.33352930
0.11186902 0.17692773
0.81117183 0.85268084
0.90428320 0.95488728
0.68618734 0.13891526
0.00409020 0.12698745
0.19295192 0.00050278
0.37495915 0.58678015
0.46476529 0.02678594
0.44223482 0.78534304
0.85335295 0.28790388
